1082
2552.82 2454.29 9.81 0
2552.82 2440.76 9.71 0
2552.70 2424.66 9.37 0
2552.70 2408.50 8.79 0
2552.70 2392.21 7.97 0
2552.72 2377.20 7.00 0
2552.74 2360.60 5.71 0
2552.81 2344.89 4.25 0
2552.76 2329.03 2.55 0
2552.76 2324.34 2.49 0
2552.97 2318.76 2.47 0
2553.54 2307.62 2.36 0
2555.46 2292.25 2.28 0
2559.08 2278.01 1.99 0
2563.53 2264.64 1.60 0
2569.44 2252.51 1.13 0
2576.08 2241.17 0.60 0
2583.81 2231.03 0.04 0
2592.07 2221.31 -0.54 0
2601.50 2212.30 -1.14 0
2611.11 2204.15 -1.69 0
2621.37 2196.12 -2.22 0
2632.07 2188.61 -2.69 0
2642.83 2181.28 -3.07 0
2653.72 2174.08 -3.36 0
2664.60 2167.05 -3.53 0
2676.09 2159.46 -3.58 0
2686.47 2152.52 -3.47 0
2696.85 2145.10 -3.23 0
2706.93 2137.56 -2.87 0
2716.70 2129.47 -2.41 0
2726.12 2120.90 -1.88 0
2735.05 2111.73 -1.29 0
2743.66 2101.79 -0.65 0
2751.43 2091.12 -0.01 0
2758.76 2079.43 0.65 0
2765.17 2066.97 1.28 0
2770.88 2053.57 1.87 0
2775.83 2038.72 2.41 0
2779.50 2023.02 2.86 0
2780.07 2020.26 2.92 0
2782.71 2005.75 3.23 0
2783.22 2000.04 3.30 0
2784.37 1986.93 3.47 0
2784.67 1977.39 3.52 0
2784.97 1969.79 3.57 0
2785.00 1966.55 3.58 0
2785.01 1961.14 3.58 0
2785.00 1952.72 3.58 0
2784.98 1931.12 3.62 0
2785.00 1914.95 4.14 0
2785.01 1901.28 5.46 0
2784.96 1867.26 8.76 0
2784.96 1851.11 9.72 0
2784.97 1838.83 9.77 0
2784.93 1815.28 9.82 0
2785.01 1782.76 9.82 0
2784.97 1719.10 9.82 0
2785.00 1659.15 9.82 0
2785.18 1650.41 9.82 0
2785.64 1647.32 9.82 0
2786.44 1644.26 9.82 0
2788.05 1641.16 9.82 0
2790.00 1638.39 9.83 0
2795.55 1631.61 9.82 0
2802.74 1623.15 9.82 0
2811.80 1612.17 9.82 0
2819.99 1602.49 9.82 0
2826.81 1594.53 9.82 0
2833.18 1586.50 9.82 0
2839.01 1577.97 9.82 0
2844.22 1569.20 9.82 0
2848.93 1560.12 9.82 0
2853.10 1551.00 9.83 0
2856.81 1541.56 9.82 0
2860.00 1532.27 9.82 0
2862.71 1522.92 9.82 0
2864.83 1513.95 9.82 0
2866.56 1505.08 9.82 0
2867.79 1496.55 9.83 0
2868.51 1488.46 9.82 0
2868.73 1483.22 9.82 0
2868.74 1369.78 9.82 0
2868.79 1344.50 9.82 0
2868.75 1339.11 9.82 0
2868.74 1239.21 9.82 0
2868.72 1223.21 9.82 0
2866.87 1212.07 9.76 0
2863.45 1200.46 9.77 0
2858.54 1186.88 9.78 0
2852.46 1172.17 9.79 0
2845.26 1156.47 9.79 0
2837.25 1140.08 9.79 0
2828.49 1123.49 9.81 0
2818.85 1106.31 9.81 0
2808.79 1089.52 9.82 0
2795.02 1071.21 10.91 0
2785.18 1057.63 10.92 0
2777.45 1046.95 10.37 0
2772.06 1037.21 10.06 0
2769.02 1028.47 9.92 0
2768.74 1023.36 9.92 0
2768.72 983.27 9.90 0
2768.74 701.56 9.82 0
2768.71 684.46 9.40 0
2769.06 635.87 7.66 0
2769.18 624.44 7.40 0
2769.21 612.20 7.29 0
2769.18 528.52 7.30 0
2769.17 442.68 7.29 0
2769.18 407.40 7.29 0
2769.13 323.49 7.29 0
2769.20 295.12 7.29 0
2771.19 282.38 7.61 0
2775.16 268.38 7.95 0
2785.50 240.22 8.59 0
2796.89 209.44 10.49 0
2805.30 182.18 13.67 0
2809.67 168.31 15.58 0
2814.23 154.54 17.45 0
2817.70 142.49 19.17 0
2820.70 128.58 21.16 0
2824.62 105.86 24.00 0
2827.35 85.47 25.44 0
2829.84 64.36 26.05 0
2831.52 36.34 26.91 0
2831.58 -2.12 28.63 0
2831.98 -56.98 31.69 0
2832.02 -81.42 32.77 0
2832.24 -92.44 32.99 0
2831.68 -104.50 33.22 0
2830.83 -112.55 32.98 0
2828.98 -121.22 32.72 0
2825.94 -131.14 32.00 0
2821.50 -142.47 31.25 0
2810.41 -168.50 29.00 0
2796.51 -196.63 26.21 0
2790.59 -207.15 25.08 0
2789.08 -210.20 24.76 0
2780.80 -225.10 23.14 0
2772.90 -239.91 21.37 0
2766.48 -252.54 19.88 0
2762.47 -259.65 19.03 0
2758.79 -265.66 18.36 0
2753.18 -272.35 17.65 0
2746.63 -277.95 17.08 0
2741.30 -280.82 16.71 0
2730.92 -284.44 16.09 0
2721.78 -287.58 15.57 0
2709.02 -290.95 15.02 0
2696.09 -294.19 14.46 0
2684.56 -296.33 13.97 0
2672.79 -297.69 13.47 0
2661.26 -298.92 13.12 0
2649.08 -299.42 12.76 0
2636.84 -299.10 12.64 0
2624.87 -298.68 12.53 0
2612.23 -297.67 12.75 0
2601.06 -296.66 12.97 0
2592.00 -295.65 13.22 0
2583.21 -294.56 13.50 0
2574.55 -293.01 13.81 0
2566.10 -291.58 14.11 0
2557.88 -290.30 14.37 0
2549.52 -288.98 14.63 0
2540.84 -287.69 14.92 0
2532.39 -286.56 15.20 0
2524.77 -285.58 15.42 0
2510.72 -283.91 15.83 0
2488.79 -281.30 16.41 0
2467.28 -278.94 16.92 0
2452.57 -277.89 17.16 0
2436.35 -276.76 17.43 0
2422.33 -275.99 17.52 0
2406.90 -275.94 17.61 0
2394.15 -276.96 18.28 0
2380.04 -279.69 18.97 0
2375.21 -281.43 19.66 0
2370.49 -283.20 20.33 0
2367.59 -284.31 20.74 0
2364.14 -285.83 21.21 0
2354.89 -289.69 22.46 0
2350.16 -292.27 23.38 0
2343.25 -296.01 24.71 0
2331.49 -303.21 27.03 0
2320.20 -310.93 29.34 0
2308.15 -319.24 32.01 0
2297.03 -326.61 34.11 0
2284.74 -334.45 36.30 0
2273.74 -340.95 37.56 0
2260.67 -347.23 39.05 0
2249.38 -351.79 40.12 0
2236.57 -355.77 41.28 0
2226.15 -358.23 42.74 0
2222.41 -358.81 43.21 0
2214.27 -360.39 44.24 0
2208.01 -360.74 45.21 0
2197.54 -361.68 46.87 0
2191.40 -361.86 47.85 0
2181.68 -361.80 49.44 0
2173.61 -361.74 50.77 0
2165.18 -361.45 52.04 0
2156.41 -360.98 53.34 0
2149.39 -360.69 54.27 0
2141.84 -360.57 55.09 0
2132.54 -360.45 56.09 0
2124.50 -360.68 56.86 0
2113.91 -361.24 57.87 0
2109.09 -361.56 58.35 0
2099.82 -362.62 59.35 0
2095.75 -363.56 59.82 0
2087.84 -365.31 60.73 0
2076.48 -368.41 62.00 0
2064.67 -372.86 63.45 0
2053.72 -378.24 64.62 0
2043.17 -384.59 65.89 0
2033.65 -392.94 66.80 0
2024.56 -401.57 67.70 0
2018.75 -410.46 68.00 0
2016.19 -414.98 68.14 0
2010.84 -424.55 68.44 0
2008.81 -430.20 68.55 0
2005.72 -437.89 68.69 0
2001.88 -451.30 68.94 0
1999.47 -462.75 69.38 0
1997.66 -474.96 69.85 0
1997.43 -478.12 69.97 0
1997.21 -489.05 70.41 0
1997.88 -494.92 70.65 0
1998.49 -502.08 70.93 0
1999.32 -505.70 71.01 0
2002.10 -516.02 71.24 0
2005.87 -527.10 71.47 0
2008.73 -532.37 71.29 0
2012.88 -539.83 71.03 0
2015.29 -543.45 70.96 0
2021.09 -552.26 70.82 0
2025.16 -557.16 70.60 0
2033.15 -566.35 70.10 0
2042.49 -575.39 69.41 0
2046.48 -579.08 69.03 0
2055.37 -586.77 67.98 0
2062.91 -593.55 67.08 0
2072.10 -601.61 66.00 0
2078.88 -607.04 64.95 0
2088.07 -615.10 63.46 0
2098.47 -623.54 61.84 0
2103.82 -627.91 60.86 0
2111.28 -633.93 59.50 0
2116.93 -638.46 58.47 0
2124.76 -644.56 57.06 0
2128.91 -648.02 56.27 0
2138.70 -655.41 54.46 0
2147.67 -662.34 52.79 0
2152.87 -666.26 51.85 0
2161.53 -672.66 50.36 0
2170.42 -679.37 48.82 0
2181.04 -687.43 46.98 0
2184.81 -690.37 46.42 0
2192.91 -696.47 45.22 0
2197.39 -699.71 44.57 0
2205.53 -705.59 43.39 0
2212.76 -711.39 42.20 0
2219.24 -716.59 41.30 0
2224.74 -721.33 40.42 0
2228.59 -724.80 39.94 0
2234.24 -729.85 39.23 0
2238.31 -733.99 38.70 0
2243.35 -739.04 38.05 0
2248.70 -746.05 37.22 0
2254.35 -753.58 36.33 0
2259.03 -760.74 35.51 0
2263.77 -768.42 34.64 0
2267.16 -775.51 33.98 0
2271.08 -783.34 33.25 0
2273.87 -791.25 32.54 0
2276.81 -799.39 31.81 0
2279.25 -807.94 31.15 0
2281.21 -816.01 30.55 0
2282.82 -824.55 29.93 0
2284.08 -832.67 29.35 0
2285.27 -840.30 28.86 0
2286.21 -848.50 28.33 0
2286.91 -855.71 27.87 0
2287.27 -860.55 27.57 0
2287.57 -868.08 27.10 0
2287.90 -874.86 26.70 0
2288.23 -881.19 26.32 0
2288.62 -889.09 25.85 0
2288.82 -892.25 25.66 0
2288.95 -897.55 25.35 0
2288.99 -903.38 25.37 0
2288.99 -912.40 25.41 0
2288.99 -917.87 25.43 0
2288.95 -927.68 25.48 0
2288.92 -936.38 25.52 0
2288.92 -946.06 25.57 0
2288.92 -954.62 25.61 0
2288.92 -964.34 25.65 0
2288.96 -971.09 25.67 0
2288.96 -978.00 25.69 0
2288.99 -987.82 25.72 0
2288.99 -992.20 25.73 0
2288.99 -997.56 25.75 0
2289.02 -1004.21 25.77 0
2288.94 -1015.14 25.80 0
2288.95 -1020.58 25.82 0
2288.97 -1022.40 25.83 0
2288.97 -1027.87 25.83 0
2288.97 -1033.00 25.84 0
2288.97 -1037.74 25.84 0
2288.96 -1042.56 25.85 0
2288.96 -1047.49 25.85 0
2288.88 -1051.73 25.86 0
2288.78 -1057.74 25.87 0
2288.82 -1064.61 25.87 0
2288.82 -1072.59 25.88 0
2288.82 -1079.90 25.89 0
2288.89 -1091.50 25.90 0
2288.86 -1094.15 25.90 0
2288.89 -1101.24 25.66 0
2288.91 -1105.69 25.90 0
2288.95 -1110.09 25.90 0
2288.83 -1117.29 25.66 0
2289.01 -1137.59 25.86 0
2288.95 -1144.57 25.74 0
2288.95 -1149.60 25.76 0
2288.99 -1154.59 25.75 0
2288.93 -1161.50 25.54 0
2288.99 -1168.28 25.37 0
2288.99 -1173.05 25.25 0
2288.99 -1180.21 24.87 0
2288.99 -1186.00 24.56 0
2289.00 -1201.96 23.61 0
2289.00 -1218.01 23.00 0
2288.94 -1233.97 23.00 0
2288.94 -1240.08 23.00 0
2288.99 -1250.00 23.00 0
2288.99 -1258.64 23.00 0
2288.99 -1265.95 23.00 0
2288.95 -1274.39 23.00 0
2288.95 -1282.05 23.00 0
2288.97 -1290.42 23.00 0
2288.97 -1298.00 23.00 0
2288.96 -1306.94 23.00 0
2288.96 -1316.82 23.00 0
2288.91 -1330.00 23.00 0
2288.91 -1345.89 23.00 0
2288.91 -1350.83 23.00 0
2289.01 -1358.52 23.00 0
2289.10 -1369.06 23.01 0
2289.10 -1381.21 23.11 0
2289.01 -1386.91 23.11 0
2288.91 -1393.56 22.97 0
2288.86 -1399.11 22.89 0
2288.74 -1407.02 22.86 0
2288.68 -1412.21 22.84 0
2288.50 -1415.10 22.82 0
2287.84 -1422.70 22.75 0
2287.36 -1428.16 22.70 0
2286.89 -1432.82 22.63 0
2286.32 -1437.79 22.55 0
2285.57 -1444.20 22.46 0
2282.89 -1460.07 22.13 0
2281.41 -1467.22 21.91 0
2279.82 -1473.72 21.71 0
2278.47 -1479.09 21.75 0
2277.27 -1483.99 21.59 0
2276.06 -1488.89 21.58 0
2274.69 -1494.05 21.26 0
2270.70 -1506.28 20.58 0
2268.17 -1512.73 20.27 0
2266.19 -1517.50 20.04 0
2254.32 -1546.18 18.64 0
2248.12 -1561.00 17.91 0
2229.90 -1605.83 15.64 0
2223.79 -1619.77 14.92 0
2218.29 -1636.24 14.40 0
2215.01 -1647.76 14.30 0
2212.00 -1659.33 13.77 0
2208.45 -1672.51 13.41 0
2205.95 -1686.16 12.97 0
2203.88 -1702.87 12.56 0
2202.90 -1720.32 12.30 0
2202.92 -1732.29 12.40 0
2202.92 -1744.38 12.18 0
2202.83 -1760.68 12.18 0
2202.83 -1776.02 12.18 0
2202.79 -1792.80 12.18 0
2202.79 -1808.98 12.18 0
2202.86 -1824.40 12.18 0
2202.86 -1840.25 12.18 0
2202.68 -1858.43 12.48 0
2202.73 -1869.18 12.55 0
2202.75 -1879.64 12.55 0
2202.71 -1889.41 12.75 0
2202.68 -1899.40 12.75 0
2202.63 -1906.63 12.55 0
2201.94 -1914.00 12.55 0
2200.09 -1920.79 12.55 0
2197.29 -1927.42 12.55 0
2193.96 -1933.39 12.55 0
2189.54 -1939.36 12.55 0
2184.59 -1944.30 12.55 0
2178.77 -1948.73 12.55 0
2173.02 -1952.05 12.55 0
2166.27 -1954.91 12.55 0
2159.68 -1956.72 12.55 0
2152.76 -1957.85 12.55 0
2149.66 -1957.85 12.55 0
2140.74 -1957.87 12.55 0
2127.40 -1957.87 12.55 0
2110.88 -1957.94 12.55 0
2098.42 -1957.94 12.55 0
2087.26 -1957.93 12.55 0
2078.24 -1957.93 12.55 0
2069.98 -1957.92 12.55 0
2052.99 -1957.92 12.55 0
2025.94 -1957.92 12.55 0
1992.27 -1957.92 12.55 0
1965.66 -1957.92 12.73 0
1940.75 -1957.82 12.55 0
1917.13 -1957.82 12.55 0
1896.82 -1957.82 12.55 0
1876.51 -1957.92 12.55 0
1857.49 -1957.93 12.55 0
1841.92 -1957.93 12.55 0
1826.62 -1957.84 12.55 0
1817.05 -1957.84 12.55 0
1807.65 -1957.84 12.55 0
1792.25 -1957.79 12.55 0
1775.30 -1957.81 12.55 0
1755.53 -1957.81 12.55 0
1739.66 -1957.87 12.55 0
1708.84 -1957.91 12.55 0
1699.03 -1957.89 12.55 0
1684.97 -1957.89 12.55 0
1673.75 -1957.89 12.55 0
1663.88 -1957.89 12.55 0
1647.74 -1957.84 12.55 0
1632.88 -1957.79 12.55 0
1618.08 -1957.79 12.55 0
1603.33 -1957.73 12.55 0
1588.36 -1957.73 12.55 0
1573.67 -1957.68 12.55 0
1558.86 -1957.68 12.55 0
1543.95 -1957.73 12.55 0
1529.04 -1957.68 12.55 0
1514.34 -1957.73 12.55 0
1499.48 -1957.73 12.55 0
1484.63 -1957.79 12.55 0
1472.76 -1957.95 12.55 0
1460.74 -1957.95 12.55 0
1448.44 -1957.84 12.55 0
1436.36 -1957.36 12.18 0
1423.65 -1956.18 11.79 0
1410.82 -1954.53 11.21 0
1397.67 -1952.07 10.24 0
1384.04 -1948.75 8.74 0
1370.09 -1944.48 7.39 0
1355.56 -1938.87 5.26 0
1340.48 -1932.03 2.56 0
1332.25 -1927.32 1.27 0
1323.49 -1921.02 0.00 0
1314.08 -1913.37 -1.06 0
1304.14 -1904.13 -2.12 0
1293.72 -1894.03 -2.75 0
1282.87 -1882.75 -3.59 0
1271.65 -1870.51 -3.81 0
1260.16 -1857.79 -4.02 0
1254.06 -1850.74 -4.24 0
1248.40 -1844.38 -4.44 0
1234.61 -1828.50 -4.74 0
1221.57 -1813.64 -5.00 0
1207.94 -1797.77 -5.17 0
1194.74 -1782.57 -5.32 0
1180.79 -1766.38 -5.39 0
1167.64 -1751.15 -5.46 0
1154.49 -1735.65 -5.44 0
1140.33 -1719.40 -5.43 0
1126.43 -1703.05 -5.35 0
1112.75 -1687.44 -5.27 0
1097.41 -1669.80 -5.12 0
1084.96 -1655.32 -5.01 0
1070.15 -1638.35 -4.83 0
1056.92 -1623.32 -4.67 0
1042.77 -1607.09 -4.48 0
1028.55 -1591.16 -4.28 0
1016.74 -1578.02 -4.12 0
999.69 -1559.10 -3.88 0
984.89 -1542.85 -3.68 0
970.43 -1527.35 -3.49 0
958.11 -1514.05 -3.34 0
951.54 -1506.87 -3.26 0
940.80 -1495.74 -3.14 0
930.05 -1484.62 -3.03 0
920.81 -1474.73 -2.94 0
910.87 -1464.63 -2.85 0
902.16 -1456.08 -2.80 0
892.54 -1446.30 -2.74 0
880.15 -1433.81 -2.66 0
859.74 -1413.85 -2.62 0
849.06 -1403.59 -2.60 0
843.24 -1398.19 -2.61 0
833.83 -1389.50 -2.64 0
825.97 -1382.16 -2.66 0
817.84 -1374.42 -2.68 0
812.36 -1369.58 -2.67 0
801.82 -1360.06 -2.63 0
794.22 -1353.29 -2.60 0
786.51 -1346.37 -2.58 0
778.77 -1339.46 -2.55 0
774.08 -1335.19 -2.53 0
769.62 -1331.41 -2.47 0
759.12 -1322.49 -2.26 0
750.23 -1314.82 -2.09 0
742.18 -1307.98 -1.93 0
733.26 -1300.53 -1.76 0
727.56 -1295.62 -1.65 0
715.84 -1286.21 -1.27 0
708.21 -1280.16 -1.03 0
698.65 -1272.42 -0.72 0
690.56 -1266.07 -0.46 0
681.57 -1258.89 -0.17 0
671.14 -1251.10 0.27 0
661.16 -1243.58 0.69 0
646.46 -1232.70 1.30 0
634.97 -1223.93 1.78 0
618.45 -1212.59 2.59 0
609.99 -1206.68 3.00 0
598.95 -1199.15 3.54 0
587.35 -1191.19 4.10 0
580.67 -1186.93 4.45 0
566.56 -1177.95 5.20 0
551.59 -1168.76 5.98 0
538.87 -1160.53 6.65 0
522.30 -1151.12 7.55 0
504.83 -1141.34 8.49 0
489.43 -1132.52 9.32 0
479.76 -1127.66 9.83 0
463.99 -1119.80 10.66 0
452.40 -1113.71 11.28 0
438.87 -1107.08 11.99 0
417.44 -1097.83 13.04 0
401.10 -1090.67 13.85 0
387.20 -1084.63 14.53 0
347.57 -1070.17 16.25 0
334.26 -1065.14 16.83 0
325.98 -1062.79 17.13 0
302.49 -1055.81 17.97 0
280.12 -1049.08 18.77 0
271.05 -1047.04 19.01 0
248.15 -1041.90 19.61 0
224.64 -1036.69 20.22 0
209.37 -1034.27 20.45 0
187.68 -1030.72 20.77 0
167.65 -1027.70 21.07 0
151.78 -1026.41 21.10 0
128.27 -1024.37 21.15 0
109.60 -1022.78 21.19 0
98.11 -1022.63 21.03 0
79.60 -1022.40 20.83 0
57.45 -1022.18 20.56 0
46.26 -1022.03 20.23 0
26.23 -1022.10 19.99 0
2.73 -1022.03 19.89 0
-20.85 -1022.03 19.62 0
-44.44 -1022.03 18.83 0
-67.79 -1022.03 17.17 0
-79.66 -1022.03 15.88 0
-91.22 -1022.10 14.28 0
-106.34 -1022.71 12.31 0
-121.68 -1024.44 11.05 0
-137.48 -1027.47 10.37 0
-153.27 -1031.32 10.22 0
-168.85 -1036.31 10.53 0
-183.89 -1042.13 11.23 0
-198.40 -1048.86 12.26 0
-211.93 -1056.34 13.55 0
-224.25 -1064.35 15.02 0
-235.21 -1072.82 16.60 0
-244.58 -1081.89 18.26 0
-252.06 -1091.26 19.88 0
-259.02 -1101.54 21.56 0
-266.65 -1112.58 23.38 0
-274.74 -1123.99 25.26 0
-283.20 -1135.86 27.20 0
-292.05 -1148.18 29.18 0
-300.81 -1160.12 31.07 0
-309.73 -1172.28 32.92 0
-318.49 -1183.83 34.62 0
-326.88 -1194.89 36.15 0
-335.06 -1205.31 37.48 0
-342.54 -1214.72 38.55 0
-349.44 -1223.16 39.33 0
-357.08 -1231.02 39.88 0
-366.54 -1238.29 40.31 0
-377.44 -1244.91 40.64 0
-389.52 -1250.69 40.86 0
-402.62 -1255.39 41.02 0
-416.35 -1258.81 41.10 0
-430.30 -1260.95 41.14 0
-444.57 -1261.59 41.13 0
-458.41 -1260.52 41.10 0
-471.83 -1257.37 41.07 0
-484.55 -1252.29 41.04 0
-496.20 -1244.86 41.02 0
-505.98 -1237.27 41.02 0
-514.00 -1231.02 41.02 0
-520.95 -1225.62 41.02 0
-527.25 -1220.86 41.02 0
-533.02 -1216.48 41.02 0
-538.96 -1211.94 41.02 0
-545.33 -1207.08 41.02 0
-552.28 -1201.41 41.02 0
-560.67 -1194.76 41.02 0
-570.34 -1186.79 41.02 0
-582.77 -1177.15 41.03 0
-598.30 -1165.09 41.03 0
-612.75 -1153.81 41.38 0
-626.88 -1143.52 42.39 0
-641.17 -1136.11 43.91 0
-655.15 -1130.44 45.84 0
-668.75 -1126.74 48.06 0
-681.83 -1124.92 50.41 0
-694.45 -1124.47 52.81 0
-706.62 -1125.76 55.12 0
-718.41 -1128.25 57.23 0
-729.85 -1132.14 59.03 0
-740.81 -1137.38 60.37 0
-751.29 -1143.63 61.13 0
-761.01 -1150.21 61.57 0
-769.83 -1156.67 62.07 0
-777.85 -1163.30 62.65 0
-785.12 -1170.30 63.34 0
-791.50 -1177.97 64.16 0
-797.17 -1186.40 65.11 0
-802.42 -1195.96 66.24 0
-806.99 -1207.07 67.58 0
-811.24 -1219.85 69.13 0
-815.14 -1234.47 70.92 0
-818.65 -1251.46 72.99 0
-821.85 -1271.02 75.36 0
-824.74 -1291.70 77.87 0
-827.41 -1311.96 80.33 0
-829.87 -1331.89 82.73 0
-832.61 -1351.35 85.03 0
-835.57 -1370.31 87.22 0
-839.12 -1388.15 89.20 0
-843.21 -1405.53 91.01 0
-848.12 -1421.76 92.56 0
-854.05 -1436.88 93.82 0
-861.16 -1450.67 94.77 0
-869.55 -1463.23 95.37 0
-879.60 -1474.08 95.58 0
-891.52 -1483.33 95.24 0
-905.25 -1490.06 94.27 0
-920.65 -1495.35 92.69 0
-937.37 -1498.93 90.57 0
-955.12 -1501.44 87.95 0
-973.88 -1503.21 84.87 0
-993.28 -1504.38 81.38 0
-1013.21 -1505.56 77.51 0
-1033.27 -1506.76 73.36 0
-1053.53 -1508.42 68.90 0
-1073.46 -1510.93 64.23 0
-1093.08 -1514.62 59.37 0
-1112.36 -1518.29 54.52 0
-1131.90 -1520.66 49.71 0
-1151.36 -1522.11 45.10 0
-1170.86 -1522.11 40.76 0
-1190.65 -1521.77 36.71 0
-1210.68 -1520.85 33.06 0
-1231.10 -1519.42 29.85 0
-1252.27 -1518.10 27.13 0
-1274.06 -1516.45 24.99 0
-1296.49 -1514.96 23.50 0
-1315.94 -1514.39 22.73 0
-1328.75 -1514.16 22.71 0
-1347.52 -1513.87 22.69 0
-1369.11 -1513.52 22.53 0
-1392.12 -1513.11 22.10 0
-1417.54 -1512.68 21.40 0
-1443.59 -1511.82 20.51 0
-1469.98 -1510.64 19.50 0
-1496.97 -1508.76 18.39 0
-1523.63 -1506.41 17.28 0
-1550.61 -1503.13 16.18 0
-1577.11 -1498.77 15.16 0
-1603.43 -1493.28 14.27 0
-1629.08 -1486.73 13.57 0
-1654.01 -1478.69 13.11 0
-1677.75 -1469.30 12.95 0
-1701.20 -1456.92 12.95 0
-1724.04 -1441.75 12.95 0
-1746.49 -1423.94 12.95 0
-1768.07 -1403.53 12.95 0
-1789.07 -1381.56 12.95 0
-1809.03 -1358.46 12.95 0
-1828.42 -1334.27 12.95 0
-1846.91 -1309.37 12.95 0
-1863.91 -1284.68 12.95 0
-1879.89 -1260.37 12.95 0
-1894.74 -1237.03 12.95 0
-1907.79 -1214.79 12.95 0
-1919.73 -1194.28 12.95 0
-1930.23 -1175.01 13.15 0
-1939.62 -1155.88 13.70 0
-1947.84 -1137.17 14.53 0
-1955.41 -1118.27 15.60 0
-1961.81 -1099.03 16.83 0
-1967.27 -1079.63 18.15 0
-1971.89 -1059.67 19.51 0
-1975.62 -1039.23 20.83 0
-1978.52 -1018.10 22.05 0
-1980.73 -996.00 23.12 0
-1982.20 -972.84 23.96 0
-1982.88 -948.24 24.52 0
-1982.74 -922.78 24.72 0
-1982.60 -896.40 24.72 0
-1982.50 -870.75 24.72 0
-1982.29 -844.85 24.72 0
-1982.36 -819.02 24.72 0
-1982.41 -793.66 24.72 0
-1982.55 -768.10 24.72 0
-1982.62 -742.83 24.72 0
-1982.77 -717.49 24.72 0
-1983.04 -692.49 24.72 0
-1983.25 -667.42 24.72 0
-1983.53 -642.43 24.72 0
-1983.74 -617.12 24.72 0
-1984.02 -592.39 24.72 0
-1984.02 -580.00 24.91 0
-1984.11 -568.06 24.72 0
-1984.14 -552.01 24.71 0
-1984.05 -537.64 24.71 0
-1983.98 -520.08 24.71 0
-1983.35 -504.08 24.71 0
-1982.39 -488.08 24.71 0
-1981.06 -471.96 24.71 0
-1979.47 -456.15 24.71 0
-1977.57 -440.09 24.71 0
-1975.79 -424.09 24.71 0
-1974.14 -408.16 24.71 0
-1972.62 -392.10 24.71 0
-1971.22 -376.10 24.71 0
-1970.14 -360.10 24.71 0
-1969.38 -344.03 24.71 0
-1968.11 -328.04 24.71 0
-1966.27 -311.98 24.71 0
-1964.87 -301.37 24.71 0
-1963.15 -289.84 24.71 0
-1961.32 -277.61 24.71 0
-1959.65 -267.58 24.71 0
-1957.92 -256.64 24.71 0
-1955.97 -243.96 24.71 0
-1954.94 -235.45 24.71 0
-1954.39 -230.55 24.71 0
-1952.76 -216.09 24.71 0
-1951.21 -200.04 24.71 0
-1950.42 -190.28 24.71 0
-1949.52 -180.45 24.71 0
-1948.76 -167.96 24.71 0
-1948.43 -152.55 24.71 0
-1948.38 -133.10 24.71 0
-1948.43 -108.44 24.71 0
-1948.45 -83.86 24.71 0
-1948.44 -57.49 24.71 0
-1948.34 -37.32 24.71 0
-1948.36 -20.22 24.71 0
-1948.36 -4.10 24.71 0
-1948.35 10.96 24.71 0
-1948.38 20.61 24.71 0
-1948.41 24.94 24.71 0
-1948.43 28.64 24.71 0
-1948.40 36.18 24.71 0
-1948.42 38.75 24.72 0
-1948.42 40.96 24.71 0
-1948.42 46.49 24.71 0
-1948.42 53.87 24.71 0
-1948.42 60.33 24.71 0
-1948.42 67.54 24.71 0
-1948.42 73.81 24.71 0
-1948.42 78.91 24.71 0
-1948.42 84.96 24.71 0
-1948.42 92.01 24.71 0
-1948.42 100.00 24.71 0
-1948.42 107.24 24.71 0
-1948.42 113.74 24.71 0
-1948.42 119.77 24.71 0
-1948.41 125.65 24.71 0
-1948.36 128.06 24.71 0
-1948.30 130.00 24.71 0
-1948.08 140.15 24.71 0
-1947.52 155.05 24.71 0
-1946.65 172.21 24.72 0
-1945.59 188.17 24.71 0
-1945.30 191.98 24.68 0
-1943.47 207.87 24.55 0
-1943.12 210.67 24.42 0
-1942.26 216.64 24.12 0
-1939.54 232.67 23.30 0
-1935.63 250.10 21.78 0
-1930.48 264.96 20.19 0
-1924.41 277.48 18.48 0
-1915.67 288.92 16.60 0
-1906.01 299.26 14.73 0
-1896.31 308.21 12.87 0
-1886.16 315.50 11.10 0
-1874.97 322.62 9.22 0
-1862.65 330.72 7.08 0
-1837.42 347.58 2.34 0
-1824.31 356.37 0.65 0
-1811.06 365.46 -0.40 0
-1797.68 374.64 -0.47 0
-1784.12 384.19 0.17 0
-1771.54 393.09 1.02 0
-1758.38 402.60 2.23 0
-1745.74 411.77 3.76 0
-1732.02 421.81 5.65 0
-1719.87 430.66 7.46 0
-1660.46 473.72 18.11 0
-1629.16 496.44 23.62 0
-1601.06 516.83 28.24 0
-1590.07 524.83 29.87 0
-1576.70 534.51 31.64 0
-1562.19 545.04 32.85 0
-1550.66 553.43 33.39 0
-1533.32 566.05 33.58 0
-1498.99 590.90 33.58 0
-1342.19 704.87 33.58 0
-1240.99 778.43 33.58 0
-1030.44 931.37 33.58 0
-880.27 1040.72 33.58 0
-826.09 1080.07 33.58 0
-813.12 1089.50 33.50 0
-798.99 1099.64 33.27 0
-784.85 1109.91 32.89 0
-762.69 1125.77 32.06 0
-749.89 1134.56 31.49 0
-736.06 1143.59 30.83 0
-721.90 1152.23 30.11 0
-706.95 1160.46 29.35 0
-692.15 1167.70 28.63 0
-676.98 1173.90 27.94 0
-661.82 1178.63 27.31 0
-651.63 1180.89 26.92 0
-631.83 1185.07 26.36 0
-595.13 1192.90 25.91 0
-580.11 1196.12 25.98 0
-564.42 1199.46 26.21 0
-491.68 1215.15 28.11 0
-464.08 1221.08 28.79 0
-419.35 1230.77 29.59 0
-378.80 1239.56 29.77 0
-368.87 1241.77 29.69 0
-358.58 1244.28 29.58 0
-347.38 1247.21 29.43 0
-302.59 1259.17 28.55 0
-288.94 1262.60 28.21 0
-274.18 1266.05 27.82 0
-258.38 1269.49 27.34 0
-241.26 1272.98 26.55 0
-222.70 1276.39 25.39 0
-202.88 1279.72 23.95 0
-180.46 1283.04 22.24 0
-156.31 1286.26 20.50 0
-130.52 1289.32 19.00 0
-110.05 1291.45 18.27 0
-89.76 1293.42 17.83 0
-71.33 1294.93 17.51 0
-53.40 1296.12 17.27 0
-35.83 1297.05 17.10 0
-19.60 1297.55 17.02 0
-3.52 1297.68 17.01 0
12.29 1297.44 17.01 0
27.15 1296.76 17.13 0
41.74 1295.65 17.46 0
56.34 1294.08 17.93 0
70.16 1292.12 18.49 0
83.96 1289.61 19.10 0
97.99 1286.57 19.75 0
111.79 1283.05 20.36 0
125.41 1278.98 20.92 0
139.06 1274.43 21.38 0
153.01 1269.27 21.71 0
167.03 1263.50 21.84 0
196.42 1250.59 21.85 0
211.76 1244.25 21.85 0
226.84 1238.51 21.85 0
242.60 1233.06 21.84 0
258.29 1228.13 21.85 0
274.40 1223.66 21.85 0
290.19 1219.77 21.83 0
305.41 1216.50 21.72 0
321.61 1213.66 21.50 0
337.72 1211.52 21.12 0
353.28 1209.94 20.61 0
369.04 1209.04 19.95 0
384.59 1208.71 19.20 0
399.89 1209.16 18.38 0
415.26 1210.27 17.50 0
430.60 1212.16 16.61 0
445.60 1214.82 15.70 0
460.26 1218.26 14.84 0
474.48 1222.42 14.03 0
488.54 1227.47 13.27 0
502.32 1233.34 12.61 0
515.98 1240.23 12.05 0
555.89 1263.17 11.12 0
586.11 1280.45 10.81 0
616.45 1297.93 10.79 0
629.60 1305.80 10.79 0
641.18 1312.95 10.78 0
651.84 1319.80 10.79 0
662.13 1326.74 10.79 0
671.59 1333.61 10.79 0
680.94 1340.73 10.79 0
690.26 1348.31 10.78 0
698.98 1355.97 10.77 0
705.43 1363.12 10.76 0
711.29 1371.58 10.73 0
716.48 1381.31 10.69 0
721.02 1392.11 10.63 0
724.95 1404.05 10.55 0
728.21 1416.91 10.44 0
731.03 1430.89 10.29 0
733.31 1446.09 10.10 0
735.12 1461.95 9.87 0
736.62 1478.49 9.61 0
737.66 1495.84 9.31 0
738.53 1515.48 8.94 0
739.02 1535.03 8.55 0
739.33 1557.43 8.09 0
739.31 1615.94 6.87 0
738.98 1693.00 5.52 0
738.76 1746.69 4.94 0
738.41 1795.76 4.40 0
738.17 1837.74 4.33 0
737.69 1903.56 4.33 0
737.67 1927.18 4.34 0
737.12 1987.93 4.34 0
736.95 2009.09 4.95 0
736.79 2025.31 5.66 0
736.25 2066.24 8.46 0
736.06 2079.84 9.26 0
735.70 2099.09 10.65 0
735.39 2114.55 11.41 0
735.22 2129.17 12.15 0
735.33 2143.61 13.12 0
735.33 2156.81 13.85 0
734.85 2170.05 14.60 0
734.48 2180.93 15.03 0
734.17 2190.99 15.69 0
734.06 2200.00 16.09 0
733.87 2207.61 16.26 0
733.56 2213.93 16.38 0
732.84 2224.81 16.58 0
732.16 2234.37 16.78 0
730.94 2246.51 17.00 0
725.39 2288.51 17.66 0
723.87 2304.49 17.83 0
722.87 2320.77 17.98 0
722.04 2337.56 18.14 0
721.62 2354.13 18.30 0
721.56 2371.81 18.47 0
722.11 2389.34 18.64 0
723.36 2406.67 18.80 0
725.37 2424.01 18.97 0
728.02 2441.49 19.12 0
731.43 2458.48 19.28 0
736.23 2475.52 19.42 0
742.32 2491.68 19.54 0
760.08 2531.61 19.77 0
768.57 2550.89 19.83 0
776.09 2567.45 19.85 0
783.79 2583.57 19.85 0
805.06 2625.77 19.85 0
815.97 2646.77 19.84 0
822.17 2659.04 19.85 0
825.91 2665.98 19.85 0
833.06 2678.21 19.85 0
841.28 2689.47 19.85 0
852.19 2702.22 19.82 0
863.17 2714.74 19.71 0
874.58 2726.40 19.54 0
886.71 2737.00 19.29 0
899.21 2746.05 19.00 0
912.91 2753.55 18.54 0
927.34 2758.91 18.18 0
943.13 2762.04 17.64 0
957.59 2762.66 17.09 0
989.39 2762.13 15.80 0
997.83 2761.84 15.25 0
1008.53 2760.30 14.99 0
1019.12 2757.51 14.73 0
1030.03 2753.24 14.47 0
1040.79 2747.98 14.21 0
1051.73 2741.66 13.94 0
1062.47 2734.83 13.68 0
1073.32 2726.52 13.42 0
1085.36 2716.42 13.13 0
1095.57 2708.19 12.88 0
1106.41 2700.02 12.62 0
1127.16 2683.53 12.11 0
1138.73 2674.28 11.84 0
1149.48 2666.14 11.57 0
1160.11 2658.89 11.32 0
1170.87 2652.09 11.06 0
1181.49 2647.17 10.80 0
1191.69 2642.98 10.55 0
1201.81 2639.61 10.31 0
1212.03 2637.34 10.07 0
1222.17 2636.27 9.82 0
1235.91 2636.25 9.82 0
1258.32 2636.24 9.82 0
1286.17 2636.26 9.82 0
1317.94 2636.23 9.82 0
1349.88 2636.25 9.82 0
1382.03 2636.27 9.82 0
1481.94 2636.26 9.82 0
1510.13 2636.25 9.82 0
1542.06 2636.25 9.82 0
1577.13 2636.26 9.82 0
1597.63 2636.24 9.82 0
1606.06 2636.26 9.82 0
1618.14 2636.23 9.82 0
1629.90 2636.23 9.82 0
1640.27 2636.69 9.82 0
1650.86 2637.70 9.82 0
1661.69 2639.41 9.82 0
1672.69 2641.66 9.82 0
1683.78 2644.43 9.82 0
1695.03 2647.45 9.82 0
1706.38 2651.00 9.82 0
1717.80 2654.73 9.82 0
1729.22 2658.70 9.82 0
1752.09 2666.88 9.82 0
1763.53 2671.03 9.82 0
1774.87 2675.03 9.82 0
1786.21 2678.84 9.82 0
1797.40 2682.39 9.82 0
1808.41 2685.59 9.82 0
1819.45 2688.52 9.82 0
1830.32 2690.88 9.82 0
1841.07 2692.64 9.82 0
1851.54 2693.78 9.82 0
1861.65 2694.20 9.82 0
1941.90 2694.18 9.82 0
2021.92 2694.18 9.82 0
2092.40 2694.22 10.02 0
2149.91 2694.20 9.82 0
2153.87 2694.15 9.82 0
2173.89 2694.16 9.82 0
2213.98 2694.16 9.82 0
2278.01 2694.14 9.82 0
2309.78 2694.14 9.82 0
2342.07 2694.16 9.82 0
2375.74 2694.18 9.82 0
2437.82 2694.17 9.82 0
2449.13 2693.49 9.82 0
2459.73 2691.45 9.82 0
2469.83 2688.24 9.82 0
2479.37 2683.79 9.83 0
2487.97 2678.68 9.83 0
2496.18 2672.50 9.82 0
2503.71 2665.65 9.83 0
2510.79 2657.98 9.83 0
2517.17 2649.94 9.83 0
2522.95 2641.48 9.82 0
2528.19 2632.74 9.82 0
2532.92 2623.55 9.82 0
2537.06 2614.45 9.83 0
2540.84 2604.82 9.82 0
2543.93 2595.63 9.82 0
2546.61 2586.53 9.82 0
2548.89 2577.12 9.82 0
2550.51 2568.70 9.82 0
2551.77 2560.03 9.82 0
2552.48 2552.16 9.82 0
2552.73 2544.35 9.82 0
2552.72 2480.45 9.82 0
